train_acc: 0.9589325785636902
val_acc: 0.9701667428016663
test_acc: 0.8333333333333334