train_acc: 0.9528037905693054
val_acc: 0.9808332920074463
test_acc: 0.9166666666666666