train_acc: 0.9594329595565796
val_acc: 0.9693333506584167
test_acc: 0.8888888888888888